NOAA 15                 
1 25338U 98030A   20362.81297542  .00000039  00000-0  34975-4 0  9996
2 25338  98.7003  26.7143 0011293  63.3839 296.8497 14.26005883176782
DMSP 5D-3 F15 (USA 147) 
1 25991U 99067A   20362.83767366 -.00000088  00000-0 -21350-4 0  9999
2 25991  98.9957 335.9205 0009011 272.1010 104.5777 14.16467131 87826
METEOSAT-8 (MSG-1)      
1 27509U 02040B   20362.22667236  .00000152  00000-0  00000-0 0  9994
2 27509   7.0657  53.2751 0001182 186.1879 339.7213  1.00268981 67225
DMSP 5D-3 F16 (USA 172) 
1 28054U 03048A   20362.87776854 -.00000057  00000-0 -65258-5 0  9994
2 28054  98.9352 341.4855 0008034  40.7708 349.3945 14.13649069887225
NOAA 18                 
1 28654U 05018A   20362.75132766  .00000103  00000-0  80337-4 0  9998
2 28654  99.0197  60.7421 0014870  49.5664 310.6802 14.12568051804292
METEOSAT-9 (MSG-2)      
1 28912U 05049B   20362.23791715  .00000033  00000-0  00000-0 0  9994
2 28912   4.8378  69.2964 0001235 232.3523 243.5479  1.00268525 55004
FORMOSAT-3 FM6          
1 29047U 06011A   20362.50692217  .00000035  00000-0  29709-4 0  9994
2 29047  71.9792  75.9503 0048094  88.7090 271.9555 14.28771268768893
FORMOSAT-3 FM1          
1 29048U 06011B   20362.67003871  .00000129  00000-0  67156-4 0  9997
2 29048  71.9666 346.2981 0041998  44.7518 315.6993 14.28741971771390
FORMOSAT-3 FM5          
1 29049U 06011C   20362.45052111  .00000105  00000-0  57719-4 0  9993
2 29049  72.0190 159.4935 0033268  71.3644 289.1100 14.28819618767164
FORMOSAT-3 FM3          
1 29050U 06011D   20362.22377282  .00000208  00000-0  53981-4 0  9990
2 29050  72.0162 286.3369 0050760 332.0998  27.7434 14.58996343784441
FORMOSAT-3 FM4          
1 29051U 06011E   20362.58577940  .00000107  00000-0  57498-4 0  9998
2 29051  72.0058  60.9027 0070106 309.7656  49.7318 14.28856562769770
FORMOSAT-3 FM2          
1 29052U 06011F   20362.78157336  .00000040  00000-0  31678-4 0  9992
2 29052  72.0338 135.2843 0039359  28.2247 332.1011 14.28961513768139
EWS-G1 (GOES 13)        
1 29155U 06018A   20362.46855038  .00000058  00000-0  00000-0 0  9992
2 29155   0.3120 106.2639 0007502 128.4704  91.7492  1.00272842 23336
METOP-A                 
1 29499U 06044A   20362.80593542  .00000013  00000-0  24902-4 0  9991
2 29499  98.4975  42.7105 0001638  87.5017  38.9333 14.21493522736358
DMSP 5D-3 F17 (USA 191) 
1 29522U 06050A   20362.80157138  .00000029  00000-0  38173-4 0  9994
2 29522  98.7926  16.2074 0009605 353.3694   6.7350 14.14030766730054
FENGYUN 3A              
1 32958U 08026A   20362.81726303 -.00000001  00000-0  19240-4 0  9998
2 32958  98.4288 338.7436 0009551 131.5012 228.6985 14.18643448652247
FENGYUN 2E              
1 33463U 08066A   20362.59464231 -.00000189  00000-0  00000-0 0  9995
2 33463   4.7456  67.8831 0003727 319.6213   9.8545  1.00278526 44059
NOAA 19                 
1 33591U 09005A   20362.69883059  .00000036  00000-0  45121-4 0  9992
2 33591  99.1931  13.0593 0013098 253.2524 106.7209 14.12445941612672
GOES 14                 
1 35491U 09033A   20362.40266083 -.00000072  00000-0  00000-0 0  9999
2 35491   0.1392 252.4015 0012993 333.8962 270.7759  1.00272219 42081
METEOR-M 1              
1 35865U 09049A   20362.70230545  .00000005  00000-0  21156-4 0  9992
2 35865  98.4595 341.7193 0002428  17.2498 342.8763 14.22260205585380
DMSP 5D-3 F18 (USA 210) 
1 35951U 09057A   20362.80894894  .00000081  00000-0  65980-4 0  9998
2 35951  98.6628 346.3645 0011059 171.5730 188.5631 14.13321496577314
GOES 15                 
1 36411U 10008A   20362.46938178  .00000076  00000-0  00000-0 0  9996
2 36411   0.3430  99.2538 0001455 323.0973  74.7710  1.00272435 39647
COMS 1                  
1 36744U 10032A   20362.45933911 -.00000323  00000-0  00000-0 0  9997
2 36744   0.0492 125.9405 0001098 150.8388 113.1673  1.00271805 31053
FENGYUN 3B              
1 37214U 10059A   20362.83978091  .00000004  00000-0  25448-4 0  9991
2 37214  99.0668 347.7544 0017964  80.0745   6.3092 14.15970131525040
SUOMI NPP               
1 37849U 11061A   20362.80528441 -.00000004  00000-0  18858-4 0  9994
2 37849  98.7216 297.9166 0001582  80.5297 306.6648 14.19545923475050
FENGYUN 2F              
1 38049U 12002A   20362.59970200 -.00000338  00000-0  00000-0 0  9999
2 38049   2.5100  82.9530 0003153   5.2768 336.4338  1.00265378 32851
METEOSAT-10 (MSG-3)     
1 38552U 12035B   20362.29209942  .00000084  00000-0  00000-0 0  9996
2 38552   1.2504 354.4282 0001180 227.0108 349.3509  1.00278803 30820
METOP-B                 
1 38771U 12049A   20362.71376069  .00000019  00000-0  28891-4 0  9996
2 38771  98.7054  59.2244 0002119 133.9622 335.1944 14.21481196429478
FENGYUN 3C              
1 39260U 13052A   20362.76473233 -.00000013  00000-0  14560-4 0  9994
2 39260  98.5251  45.1242 0011554  26.0102 334.1638 14.15854256375977
METEOR-M 2              
1 40069U 14037A   20362.80053427 -.00000058  00000-0 -74942-5 0  9992
2 40069  98.4816  32.8102 0006888  83.0107 277.1843 14.20678779335668
HIMAWARI-8              
1 40267U 14060A   20362.46178172 -.00000255  00000-0  00000-0 0  9992
2 40267   0.0609 158.3859 0001544 126.3560 118.5480  1.00270621 22721
FENGYUN 2G              
1 40367U 14090A   20362.81255811 -.00000282  00000-0  00000+0 0  9990
2 40367   0.6125  93.0405 0003560 279.4713 116.5915  1.00268486 22012
METEOSAT-11 (MSG-4)     
1 40732U 15034A   20362.35744053  .00000022  00000-0  00000-0 0  9997
2 40732   0.3830 263.1046 0001266 277.1094  45.0566  1.00279857 20006
ELEKTRO-L 2             
1 41105U 15074A   20362.86158480 -.00000096  00000-0  00000+0 0  9996
2 41105   1.6641  94.6740 0002401 139.8893 157.8901  1.00270575 18488
HIMAWARI-9              
1 41836U 16064A   20362.46186896 -.00000254  00000-0  00000-0 0  9992
2 41836   0.0020   4.6976 0000876 314.7546  83.9893  1.00273302 15159
GOES 16                 
1 41866U 16071A   20362.50203451 -.00000227  00000-0  00000+0 0  9994
2 41866   0.0372 191.6315 0001506 109.8534 260.4743  1.00271893 15077
FENGYUN 4A              
1 41882U 16077A   20362.65623449 -.00000309  00000-0  00000-0 0  9999
2 41882   0.0215 320.9630 0005038  94.5880  21.9297  1.00274620 14957
CYGFM05                 
1 41884U 16078A   20362.27577937  .00000760  00000-0  41616-4 0  9992
2 41884  34.9570 302.0709 0015941 325.0818  34.8847 15.14812846223341
CYGFM04                 
1 41885U 16078B   20362.18050971  .00000756  00000-0  40821-4 0  9999
2 41885  34.9500 294.8105 0014188 335.5892  24.4146 15.15332293223355
CYGFM02                 
1 41886U 16078C   20362.23955318  .00000750  00000-0  40534-4 0  9990
2 41886  34.9592 296.3129 0014989 331.8900  28.1001 15.15329494223426
CYGFM01                 
1 41887U 16078D   20362.86178479  .00000735  00000-0  40549-4 0  9994
2 41887  34.9537 299.8683 0016345 330.6989  29.2805 15.14619449223426
CYGFM08                 
1 41888U 16078E   20362.53662046  .00000773  00000-0  42063-4 0  9992
2 41888  34.9507 296.8570 0015454 335.6072  24.3907 15.15039329223427
CYGFM06                 
1 41889U 16078F   20362.21902225  .00000780  00000-0  42119-4 0  9994
2 41889  34.9586 295.1311 0013962 331.3061  28.6882 15.15324851223373
CYGFM07                 
1 41890U 16078G   20362.19762440  .00000854  00000-0  45933-4 0  9995
2 41890  34.9524 294.2697 0013665 334.5798  25.4241 15.15325003223369
CYGFM03                 
1 41891U 16078H   20362.52321822  .00000759  00000-0  41063-4 0  9992
2 41891  34.9556 292.5492 0013153 335.8977  24.1118 15.15311985223468
FENGYUN 3D              
1 43010U 17072A   20362.82052530 -.00000010  00000-0  16298-4 0  9995
2 43010  98.7714 300.1150 0000500 204.4051 155.7108 14.19757107161633
NOAA 20                 
1 43013U 17073A   20362.83546477 -.00000007  00000-0  17403-4 0  9993
2 43013  98.7381 297.9362 0001197  98.5208 261.6104 14.19546201161097
GOES 17                 
1 43226U 18022A   20362.46263236  .00000119  00000-0  00000-0 0  9996
2 43226   0.0549 227.6504 0000493  47.8477 210.2239  1.00271625 10381
FENGYUN 2H              
1 43491U 18050A   20362.59315929 -.00000109  00000-0  00000-0 0  9992
2 43491   0.2067 257.8058 0002599 243.3721 248.2893  1.00273100  9481
METOP-C                 
1 43689U 18087A   20362.80030460  .00000011  00000-0  24903-4 0  9992
2 43689  98.7125  59.6824 0003188 137.5238 222.6186 14.21486484111065
GEO-KOMPSAT-2A          
1 43823U 18100A   20362.45933911 -.00000323  00000-0  00000-0 0  9997
2 43823   0.0457 209.8425 0002461  61.0235 119.1480  1.00272264  7586
IOD-1 GEMS              
1 44385U 98067QK  20362.59912966  .00077599  00000-0  55085-3 0  9997
2 44385  51.6367  74.6726 0004544 347.1330  12.9552 15.73208147 84727
METEOR-M2 2             
1 44387U 19038A   20362.84839087 -.00000019  00000-0  10729-4 0  9991
2 44387  98.6467 319.3040 0002226  55.2854 304.8547 14.23684351 77056
